1595468148|nan|nan
1595468178|nan|nan
1595468208|nan|nan
1595468238|nan|nan
1595468268|nan|nan
1595468298|nan|nan
1595468328|nan|nan
1595468358|nan|nan
1595468388|24.80|47.70
1595468418|24.80|47.00
1595468449|24.70|46.40
1595468479|24.70|46.00
1595468509|24.50|45.00
1595468540|24.40|44.70
1595468570|24.40|44.80
1595468630|nan|nan
1595468682|nan|nan
1595468712|nan|nan
1595468742|nan|nan
1595468772|nan|nan
1595468802|nan|nan
1595468832|24.80|45.40
1595468862|24.70|45.80
1595468893|24.60|45.80
1595468923|24.50|46.40
1595468953|24.50|47.10
1595469023|nan|nan
1595469053|nan|nan
1595469083|nan|nan
1595469113|nan|nan
1595469143|nan|nan
1595469173|nan|nan
1595469203|nan|nan
1595469233|nan|nan
1595469263|nan|nan
1595469293|nan|nan
1595469323|nan|nan
1595469353|nan|nan
1595469383|nan|nan
1595469413|25.10|45.80
1595469443|25.10|44.90
1595469473|25.00|45.20
1595469503|24.90|44.40
1595469533|24.90|45.10
1595469563|24.70|44.70
1595469593|24.70|45.00
1595469623|24.70|45.80
1595469653|24.60|45.80
1595469683|24.60|46.10
1595469713|24.70|46.10
1595469743|24.70|46.30
1595469773|24.60|46.00
1595469803|24.50|45.00
1595469833|24.40|44.30
1595469863|24.40|44.20
1595469893|24.30|43.80
1595469923|24.30|43.60
1595469953|24.20|43.20
1595469983|24.20|44.40
1595470013|24.20|45.60
1595470043|24.30|46.60
1595470073|24.30|46.80
1595470103|24.30|47.40
1595470133|24.30|48.10
1595470163|24.30|48.00
1595470193|24.30|47.90
1595470223|24.30|48.50
1595470253|24.40|48.90
1595470283|24.40|48.60
1595470313|24.40|48.60
1595470343|24.40|47.90
1595470373|24.40|47.30
1595470403|24.40|46.00
1595470433|24.40|45.10
1595470463|24.30|44.60
1595470493|24.20|43.90
1595470523|24.30|43.60
1595470553|24.20|44.70
1595470583|24.20|44.80
1595470613|24.20|45.40
1595470643|24.20|45.20
1595470673|24.20|45.20
1595470703|24.20|45.40
1595470733|24.20|45.40
1595470763|24.20|46.20
1595470793|24.20|45.70
1595470823|24.20|45.80
1595470853|24.20|45.60
1595470883|24.20|45.50
1595470913|24.20|46.10
1595470943|24.20|46.90
1595470973|24.20|47.10
1595471003|24.30|47.40
1595471033|24.30|47.80
1595471063|24.30|47.90
1595471093|24.30|48.20
1595471123|24.30|48.20
1595471153|24.40|48.30
1595471183|24.50|48.30
1595471213|24.40|47.50
1595471243|24.50|47.20
1595471273|24.40|46.50
1595471303|24.40|45.20
1595471333|24.20|44.70
1595471363|24.20|44.50
1595471393|24.20|43.90
1595471423|24.20|43.80
1595471453|24.10|43.10
1595471483|24.00|43.60
1595471513|24.00|43.50
1595471543|24.00|44.90
1595471573|24.00|46.10
1595471603|24.10|47.00
1595471633|24.10|47.40
1595471663|24.10|48.00
1595471693|24.10|48.10
1595471723|24.10|48.50
1595471753|24.20|49.00
1595471783|24.10|48.40
1595471813|24.10|49.20
1595471843|24.20|49.70
1595471873|24.30|49.70
1595471903|24.30|49.60
1595471933|24.30|48.90
1595471963|24.40|48.20
1595471993|24.40|48.20
1595472023|24.30|47.90
1595472053|24.30|47.40
1595472083|24.30|47.60
1595472113|24.40|47.00
1595472143|24.30|46.50
1595472173|24.40|46.20
1595472203|24.40|46.40
1595472233|24.40|45.80
1595472263|24.40|45.80
1595472293|24.40|45.60
1595472323|24.40|45.10
1595472353|24.40|44.90
1595472383|24.30|45.20
1595472413|24.40|45.40
1595472443|24.40|45.90
1595472473|24.50|45.90
1595472503|24.50|46.30
1595472533|24.50|46.50
1595472563|24.50|46.00
1595472593|24.50|45.10
1595472623|24.40|44.50
1595472653|24.40|43.60
1595472683|24.40|44.00
1595472713|24.30|43.30
1595472743|24.20|42.80
1595472773|24.20|43.00
1595472803|24.10|44.40
1595472833|24.20|45.80
1595472863|24.20|46.40
1595472893|24.20|46.80
1595472923|24.30|47.20
1595472953|24.20|47.70
1595472983|24.30|48.00
1595473013|24.30|48.20
1595473043|24.20|48.50
1595473073|24.20|48.60
1595473103|24.30|49.00
1595473133|24.30|48.20
1595473163|24.20|47.10
1595473193|24.20|46.90
1595473223|24.20|46.20
1595473253|24.10|45.50
1595473283|24.10|45.00
1595473313|24.10|44.60
1595473343|24.10|44.10
1595473373|24.00|44.30
1595473403|24.00|45.90
1595473433|24.00|46.50
1595473463|24.10|46.50
1595473493|24.10|46.70
1595473523|24.10|46.90
1595473553|24.10|46.50
1595473583|24.10|46.10
1595473613|24.10|46.40
1595473643|24.10|46.30
1595473673|24.10|46.10
1595473703|24.10|45.80
1595473733|24.10|45.70
1595473763|24.10|46.20
1595473793|24.10|46.70
1595473823|24.10|47.10
1595473853|24.10|47.40
1595473883|24.10|47.30
1595473913|24.10|47.30
1595473943|24.10|48.10
1595473973|24.30|49.20
1595474003|24.30|48.30
1595474033|24.30|47.90
1595474063|24.30|46.70
1595474093|24.20|45.70
1595474123|24.20|44.70
1595474153|24.20|44.20
1595474183|24.20|45.60
1595474213|24.20|44.50
1595474243|24.20|44.40
1595474273|24.20|43.80
1595474303|24.10|43.50
1595474333|24.20|44.60
1595474363|24.20|45.60
1595474393|24.20|46.80
1595474423|24.30|47.10
1595474453|24.30|47.60
1595474483|24.30|47.80
1595474513|24.30|48.30
1595474543|24.30|48.40
1595474573|24.30|48.80
1595474603|24.30|49.00
1595474633|24.40|49.10
1595474663|24.30|49.20
1595474693|24.30|49.20
1595474723|24.40|48.90
1595474753|24.40|48.10
1595474783|24.30|47.20
1595474813|24.30|46.40
1595474843|24.30|45.80
1595474873|24.20|45.40
1595474903|24.20|44.80
1595474933|24.20|44.90
1595474963|24.20|45.50
1595474993|24.20|46.50
1595475023|24.30|47.30
1595475053|24.30|47.50
1595475083|24.30|48.40
1595475113|24.30|48.70
1595475143|24.30|49.00
1595475173|24.40|49.20
1595475203|24.40|50.20
1595475233|24.40|49.70
1595475263|24.50|49.90
1595475293|24.50|49.30
1595475323|24.40|48.80
1595475353|24.50|48.20
1595475383|24.40|46.90
1595475413|24.30|45.90
1595475443|24.30|45.20
1595475473|24.30|45.00
1595475503|24.20|44.50
1595475533|24.20|45.10
1595475563|24.10|45.20
1595475593|24.20|45.10
1595475623|24.20|45.60
1595475653|24.20|45.70
1595475683|24.20|45.50
1595475713|24.20|45.70
1595475743|24.20|46.40
1595475773|24.20|47.10
1595475803|24.20|47.40
1595475833|24.30|47.60
1595475863|24.20|48.00
1595475893|24.30|48.20
1595475923|24.30|48.50
1595475953|24.30|48.50
1595475983|24.40|48.50
1595476013|24.40|48.70
1595476043|24.40|48.50
1595476073|24.40|47.90
1595476103|24.40|47.00
1595476133|24.40|46.10
1595476163|24.40|45.90
1595476193|24.40|45.30
1595476223|24.30|44.40
1595476253|24.30|44.70
1595476283|24.30|44.80
1595476313|24.30|45.70
1595476343|24.30|46.40
1595476373|24.20|46.50
1595476403|24.20|46.80
1595476433|24.20|47.20
1595476463|24.20|47.80
1595476493|24.20|48.30
1595476523|24.10|48.60
1595476553|24.10|48.80
1595476583|24.20|49.00
1595476613|24.20|49.50
1595476643|24.30|48.90
1595476673|24.30|48.10
1595476703|24.20|47.10
1595476733|24.20|46.50
1595476763|24.10|45.70
1595476793|24.10|45.50
1595476823|24.10|44.70
1595476853|24.00|45.00
1595476883|24.00|45.80
1595476913|24.00|46.80
1595476943|24.10|48.00
1595476973|24.10|48.20
1595477003|24.10|48.20
1595477033|24.10|49.30
1595477063|24.10|49.50
1595477093|24.10|49.60
1595477123|24.20|50.10
1595477153|24.20|50.20
1595477183|24.20|50.30
1595477213|24.20|49.60
1595477243|24.30|49.70
1595477273|24.20|48.40
1595477303|24.20|47.60
1595477333|24.20|47.10
1595477363|24.10|46.30
1595477393|24.10|45.70
1595477423|24.00|45.50
1595477453|24.00|46.00
1595477483|24.00|47.50
1595477513|24.00|48.30
1595477543|24.00|48.60
1595477573|24.00|48.50
1595477603|24.10|48.60
1595477633|24.20|48.40
1595477663|24.10|48.30
1595477693|24.10|48.00
1595477723|24.10|47.60
1595477753|24.10|47.90
1595477783|24.10|47.40
1595477813|24.10|47.40
1595477843|24.10|47.20
1595477873|24.10|46.90
1595477903|24.00|46.80
1595477933|24.00|46.40
1595477963|24.00|46.30
1595477993|24.00|46.70
1595478023|24.00|46.80
1595478053|24.00|47.30
1595478083|24.00|47.60
1595478113|24.10|47.80
1595478143|24.10|48.00
1595478173|24.10|48.20
1595478203|24.10|47.20
1595478233|24.10|47.20
1595478263|24.10|46.20
1595478293|24.00|45.60
1595478323|24.00|45.40
1595478353|23.90|44.80
1595478383|23.90|44.80
1595478413|23.80|44.20
1595478443|23.70|44.50
1595478473|23.80|45.70
1595478503|23.80|47.00
1595478533|23.90|47.80
1595478563|23.80|48.00
1595478593|23.90|48.50
1595478623|23.90|48.80
1595478653|23.90|49.10
